f1_1642 = 0.8709091967855895
f1_3284 = 0.8882073316548231
f1_4926 = 0.8951062528516924
f1_6568 = 0.8972720354362207
f1_8210 = 0.8985653009909778
f1_9852 = 0.8984244082370473
f1_11494 = 0.8973729066036307
f1_13136 = 0.8999331314164339
f1_14778 = 0.8960474830924735
f1_16420 = 0.8983842116643406
loss_1642 = 3.450907606774188
loss_3284 = 3.008576527554938
loss_4926 = 2.9725683318807725
loss_6568 = 3.269392950991367
loss_8210 = 3.266772679065136
loss_9852 = 3.642728285079307
loss_11494 = 3.926408692116433
loss_13136 = 4.21954544351456
loss_14778 = 4.491684195335875
loss_16420 = 4.549279508184879
precision_1642 = 0.8544969766223873
precision_3284 = 0.8728327012542868
precision_4926 = 0.878459618334429
precision_6568 = 0.8848659206588987
precision_8210 = 0.8954044785945192
precision_9852 = 0.8872794997491026
precision_11494 = 0.8859625436380119
precision_13136 = 0.8943485101683818
precision_14778 = 0.8869907506156561
precision_16420 = 0.8923414848440474
recall_1642 = 0.8879642182134835
recall_3284 = 0.9041333109037474
recall_4926 = 0.9123959745490169
recall_6568 = 0.9100309726194128
recall_8210 = 0.9017485181630169
recall_9852 = 0.9098528553192753
recall_11494 = 0.9090810136853459
recall_13136 = 0.9055879355215374
recall_14778 = 0.9052910733546414
recall_16420 = 0.9045093363151488
